abr
9.857864868511303
9.318898029577408
8.59480840667307
7.9710182694925615
7.640917242950422
7.741544962748308
8.383091018127777
9.629242734335527
11.420764648107118
13.496211054651571
15.451485517342384
16.959957853774156
17.907458065068983
18.337053282512482
18.31719058414526
17.89626072082839
17.145120791668845
16.1766774150853
15.115958734467158
14.070475557717545
13.122422146064796
12.328435836716945
11.718820471922129
11.298216583245047
11.039786729841982
10.868652532765147
10.663589690222592
10.319558618124294
9.811275578755815
9.190463679566092
8.521523048270609
7.850726617678066
7.220401312621628
6.685672958153021
6.311946883739942
6.164137352457647
6.285960832062827
6.683686956274705
7.330280985670879
8.172012414120564
9.141294603457466
10.165811494422952
11.159416911158957
12.01379406722289
12.625636679433804
12.93220564825187
12.932614561276507
12.695390663077422
12.329407032260319
11.945653193111003
11.622629140346632
11.387684483358887
11.218344550618262
11.044486458098808
10.755561111332234
10.247179679422494
9.497906925769755
8.590157817724936
7.6549180122534795
6.799491893130244
6.0786881906083385
5.511996758604751
5.105815426789382
4.860764164034527
4.772742519771811
4.832463078366692
5.018608289885522
5.29515149280828
5.623713043777584
5.98719191501967
6.390686207239354
6.846262347687897
7.353532312104487
7.879246465969058
8.349735619659057
8.683156060345866
8.836510312261716
8.8257082799754
8.709800096794043
8.559791666977066
8.424222063163553
8.31098810558322
8.200248311721413
8.078538419110629
7.977514356579864
7.9799868323713214
8.167791904917737
8.568454395359797
9.144788094677192
9.802781199586352
10.411053340145909
10.853447863517651
11.08132094297758
11.128209103081273
11.065539050682165
10.952146305323003
10.812252563102442
10.637685065634027
10.409459620676184
10.11478367858029
9.75406746576765
9.339332843746778
8.891617778208479
8.449027129245568
8.072770559546147
7.839378047219407
7.838381500475429
8.150983250149144
8.804413447265551
9.72445561454393
10.741085717397098
11.67345256460046
12.409558153396603
12.918286647910254
13.22377062289434
13.378659691182992
13.432092097043709
13.409931551172447
13.294219737361708
13.0221622660736
12.54287709465986
11.897315459792853
11.216413851292108
10.639462300579353
10.253772794728825
10.091556193698406
10.147675687969963
10.383256149157468
10.705336743475954
10.96982901234763
11.034097031556731
10.8356791171499
10.429620985710612
9.935553128653858
9.471627203587948
9.12008744681821
8.90725617876852
8.80547303075917
8.762841871737141
8.737411409654875
8.708619350975503
8.668225662766279
8.59778990297515
8.465513975474522
8.257484421215946
8.0118234021026
7.804116929092566
7.709644824522916
7.783747525271205
8.059722310986928
8.556745212404245
9.260386790453119
10.090633216573568
10.909669972703508
11.597045368426015
12.118128301689367
12.518234748365263
12.872974063290203
13.24016984686738
13.634913891459748
13.993728997689358
14.163353222655065
13.962325564707442
13.320451624831776
12.339162589657597
11.221676761794061
10.170023897587772
9.330269283912195
8.7803200437575
8.553619630131141
8.661100953370935
9.091938234642134
9.80460302532713
10.719103852281117
11.715389596519314
12.631725061932325
13.296379414947904
13.592033580048488
13.490429867997726
13.062252425634341
12.435013409506231
11.755172986903892
11.14085994788856
10.660525621180138
10.3272586635564
10.117689209695307
9.989152772426893
9.90059547200036
9.819147995280417
9.738240106014075
9.697484720803388
9.771748139311885
10.014306556296331
10.384346949656111
10.747408881730728
10.945473502356103
10.881778221702898
10.574444634830002
10.177530011725036
9.924208851640037
9.995765840228207
10.444777506401035
11.190129682084065
12.041692738142705
12.74761794488774
13.08916299752378
12.97474270279903
12.46854515291848
11.739057239173407
10.965347099306758
10.27063123925906
9.703811803411726
9.2649372513464
8.960562429994468
8.824344765988787
8.916000090595688
9.302073314636894
10.038905822755453
11.14117282462741
12.530494229479595
14.007771983631013
15.317605578051346
16.263077600909845
16.77817784533062
16.92704341312939
16.841740504899633
16.66839804064816
16.55780267375816
16.679102630211084
17.223389970755495
18.360418186339967
20.18053945125548
22.665262806541577
25.69162517001384
28.976619991247773
31.991727929027697
33.96489855363548
34.20881048484195
32.684158213356405
30.05741563580869
27.167559596820514
24.573137735771944
22.471262053882846
20.829589974156526
19.535998078373183
18.48317640267946
17.59839148081049
16.851807069963947
16.250168870407165
15.808596647527384
15.503333250620006
15.2133971845637
14.743705847102808
13.980715750889088
12.96888133749527
11.84866032482676
10.786585531474742
9.924154441360576
9.354272072232963
9.111223043934368
9.160729008561926
9.401996439017203
9.720250235616481
10.061479502918244
10.445751909978775
10.900107527921522
11.402656730831966
11.881124320383359
12.249073151508908
12.43609687815895
12.412471852597166
12.198851114497252
11.853833210542692
11.469306814107375
11.152667130932219
10.99712319025794
11.054734505977938
11.341723055787039
11.841574981150622
12.508766422763907
13.275156791207252
14.069836058120027
14.838024599506326
15.540193469834719
16.13451871066671
16.557794153816545
16.722830636309972
16.527519019013866
15.92127891302998
15.015794923899815
14.087392524005784
13.43041073452212
13.217770750628226
13.473737701840616
14.091661798659059
14.860919967272864
15.529440031465116
15.87569102689006
15.779938791760452
15.24295338782003
14.359152764184412
13.276453266802605
12.154025040448138
11.108864235457915
10.187707934058084
9.38380751814491
8.678976947785271
8.087893578729984
7.673753213531178
7.518052511164773
7.687307308855258
8.212441342538316
9.07069357244798
10.172224687653603
11.367243592264149
12.479030159073128
13.33628616527967
13.794755450884427
13.771072496496943
13.281452887309868
12.464525124142462
11.562584651172228
10.842502677978189
10.500395057331579
10.601678680420314
11.084346554759858
11.789888548972083
12.481861304700612
12.917662876670288
12.950557341477152
12.58318306026741
11.934122273978835
11.163109281449401
10.401828880076451
9.742192639190447
9.25464218268829
9.00465422099816
9.062529208906977
9.485114057317528
10.271979782068701
11.315713995343737
12.425529688850213
13.444097257598036
14.347305311977689
15.219462444289071
16.139539413878914
17.096553088230863
17.999966840380058
18.742935161869465
19.254221566408223
19.496466556215804
19.455632344449743
19.139176729479804
18.596853463048145
17.929156103339064
17.257362479235432
16.68556525962638
16.27053642062048
16.00272557429524
15.801417377702819
15.539018517221809
15.11057290654711
14.515662752826625
13.856373838374871
13.259403237151277
12.782830130488712
12.378717520463788
11.925145237648545
11.32951928122202
10.592539420470676
9.772590570247036
8.930588546931824
8.114827497097261
7.369367480458445
6.741616942030607
6.27511323673996
5.992885259951725
5.875259488601008
5.856280502645845
5.85573742948179
5.8251246033027515
5.772186097227307
5.740576898961002
5.770640940039517
5.866517538425151
5.9927049943832
6.100195594959544
6.1589982623566915
6.177240123046829
6.187491905758698
6.220654099603576
6.286545218545163
6.370648800522799
6.446050162073657
6.4869807012322305
6.4727436348222955
6.398129765529859
6.294293319956767
6.23854626090239
6.337719807999902
6.674319825387466
7.24628042143747
7.954332900706799
8.647611978366832
9.187473933327455
9.492460431561858
9.565266715123366
9.509477498811574
9.472867790389776
9.55355044576265
9.755039291869558
10.019394861291328
10.285035132593658
10.524540482873917
10.729964168367847
10.898943238003458
11.021470307786794
11.082939404140257
11.096763011708468
11.133509428432124
11.304361794493381
11.698334532550955
12.331554068644078
13.142063650255674
14.01055754529255
14.830055540579789
15.546301108009494
16.15902853475202
16.6843741603808
17.118203316632
17.430319498477736
17.580856022977358
17.567060455041144
17.445099901093105
17.309576965920176
17.241764463860477
17.26477433833236
17.33885429220509
17.381880917257256
17.303000557175615
17.070257024299362
16.739560931546414
16.402123355092396
16.12134711359653
15.922179798420569
15.808448341223407
15.788674574822846
15.879346486884254
16.059789337686947
16.23134030943363
16.233190146361917
15.958927480910422
15.443206500467722
14.81590037065581
14.193082609120196
13.624533744115656
13.113477481320418
12.646389938106852
12.22250011186848
11.864123016095224
11.589543472259244
11.395890596670707
11.243432187816326
11.046172101866333
10.69529252814829
10.12034144236952
9.343154216446248
8.466834822802063
7.61073560033594
6.857871131809236
6.242243289678971
5.762767509114549
5.405367190850805
5.17469247388913
5.113573829778351
5.283026945033121
5.710939090869606
6.347649468320609
7.079011804517634
7.752730360230435
8.212783641814609
8.36962339119942
8.250664491968383
7.971485328783767
7.663253968886867
7.430864789683969
7.3469231761970315
7.458904139307405
7.796693993963955
8.357463299170032
9.079779260897784
9.860219069861792
10.606207395362862
11.268936544819253
11.844163930666776
12.381114337281165
13.001259627677674
13.862583541236766
15.053463600066042
16.504892940743566
18.028727734863836
19.42378870162252
20.53065105174694
21.227872346334006
21.429721553675996
21.092183111083287
20.25233817799732
19.046373602735493
17.69111700653187
16.408586669344196
15.340378828091279
14.516780297251623
13.892521456504916
13.398069771660403
12.978582439267209
12.6001188176413
12.229385321979523
11.827202934457727
11.359630696106905
10.811393002821156
10.191446498675932
9.544000439490835
8.953913490601597
8.524815273846949
8.341810988674236
8.431692791488702
8.74406982947898
9.162592590062497
9.548773476915507
9.801420390170245
9.888458605044269
9.855387506162247
9.797763962696319
9.802317330579324
9.89683194354232
10.03626686598787
10.115108322576091
10.009798214433197
9.637736886784529
9.023488604008573
8.324161459496626
7.759904184990809
7.4977898519274815
7.5977189585185885
8.01819769888815
8.637386761935915
9.28834327238338
9.810910808501776
10.110112155049087
10.177013557575009
10.067477135819672
9.866116723870773
9.65344733016595
9.47498383609403
9.3176316111523
9.10986860797507
8.762452785546468
8.238421838885914
7.586190657286141
6.900413689143667
6.281082627292099
5.815087026544029
5.5589111479954365
5.526478169099106
5.68254537613564
5.933925556587257
6.142274180125724
6.168202977661338
5.939786893835485
5.487335889349374
4.913812060945391
4.335842432755178
3.845573340809988
3.4979048407626263
3.3202680577718566
3.378339821498109
3.8161593304196524
4.745106555247339
6.142109568178707
7.88529422309342
9.82085869119785
11.786097923889754
13.612484166541384
15.129548722579298
16.195827054839302
16.733150732948022
16.77312230999813
16.46584781085538
16.033323305569063
15.686933157732408
15.57209765301853
15.715294345970754
16.000945566480144
16.235243927961623
16.281238877015344
16.13795595755504
15.916417944112132
15.770860536948327
15.83163149596794
16.158410630841203
16.72960990130162
17.45775402183876
18.21627978679306
18.86806781861032
19.300467818059662
19.46602002674945
19.38387095635352
19.098497330515436
18.639686762966406
18.040221672797763
17.360498096957723
16.67422150609154
16.052635583312263
15.563290640158705
15.274709853781633
15.255981324607909
15.553906010329037
16.143020898682444
16.87829595402775
17.54630786730967
18.009495326052647
18.276121758303784
18.450534980107793
18.64024058553969
18.86638550806555
19.04985715265216
19.07478692482553
18.84157983106916
18.288736283698267
17.40300006462953
16.21217757406395
14.77120595180251
13.174343499244795
11.561881084651155
10.080169797455678
8.82091005250743
7.801242454515645
6.983655400119476
6.3108647648206855
5.73442821351915
5.2252716344665595
4.771385358512711
4.37287745987811
4.037453322081191
3.773699273105901
3.582994379172419
3.4559942671095127
3.3702591846821703
3.2950031785252274
3.2017454649848487
3.0811157665391966
2.956581941583783
2.8843791720938117
2.93956567703456
3.1932595837822655
3.703939139445237
4.4955145636452105
5.523195275924326
6.683175541143964
7.857399790653707
8.94585642676407
9.876716388369857
10.602029884786031
11.099279384331334
11.366809402819019
11.422894613112456
11.300797099756654
11.039458751303087
10.671892332490712
10.22479605152934
9.72410275604348
9.204247343826905
8.717062627960393
8.32517424012328
8.078664746867197
7.977267359521932
7.951434685335129
7.896754336838143
7.751530258975258
7.528745593789118
7.292516851877312
7.124580619020496
7.099618831180852
7.263520843082881
7.6100899590012165
8.06515995536157
8.495089289844248
8.761416413384914
8.799868426846263
8.663053249614215
8.49573134553196
8.462346781811503
8.664219534814695
9.083959097360106
9.605154880152565
10.08252792974946
10.405299625549826
10.52498305924261
10.438506386216307
10.185779211877495
9.83101633985928
9.438310943799674
9.051738767357058
8.70025985938475
8.409075684460143
8.196863836040365
8.059836789436753
7.965137043348235
7.86922094800999
7.744354557873002
7.574506821077529
7.345886239014182
7.048340228369
6.678457970856361
6.242172550838372
5.762377153091931
5.2946889712666625
4.927861453307771
4.746696312327453
4.790455554993554
5.044265729874953
5.480115720346216
6.083439367354915
6.837176482349581
7.694629172461913
8.563303262720229
9.328007982244918
9.900019711673036
10.248946642896867
10.400853086767432
10.414455905921283
10.35409884515227
10.275401996373617
10.209286160258777
10.153658421926298
10.087978099163466
9.996628696884867
9.880308245694277
9.773111251943213
9.728995466580702
9.793827917946548
9.973551601470593
10.231948736709077
10.511653348489606
10.757781074054563
10.936122940429428
11.042609557396835
11.10511801900017
11.178648221760447
11.328476214440903
11.593411764077953
11.945591038599332
12.279560353083957
12.47100541206276
12.456934058898016
12.271385802584714
11.999056526327635
11.703849106152964
11.395373453232835
11.037495009657057
10.590569705572472
10.038152895581463
9.386049921011075
8.670897177075398
7.967451387788841
7.365008932432171
6.9204510389798495
6.6303282116845725
6.451754902007563
6.335677793574353
6.251870857609179
6.192104824508422
6.159266861664315
6.1544904520706645
6.159641591129044
6.1224295008178125
5.968145806338041
5.6537708611155475
5.218052254357865
4.77146774184554
4.441391213051596
4.3236562555211435
4.478765966354328
4.939540157922095
5.710754527840134
6.763582946742503
8.023993516053112
9.374626292036254
10.687484227986156
11.84718397638266
12.783234850773415
13.502260826318729
14.070867013777221
14.55398911416672
14.961834767401196
15.250940041895687
15.364743572704628
15.276049550868365
14.991898515529115
14.538984273281384
13.987796150160491
13.452835210842192
13.057494818471755
12.915154784682137
13.103909321801346
13.627260149532278
14.38644062723724
15.18677746061363
15.803140393193146
16.0645745481721
15.921285433563938
15.447293915472372
14.79241982249295
14.104849457227653
13.46946349937203
12.896460196593523
12.351374413188806
11.797359051948881
11.240963978502764
10.758387824468137
10.47769352391223
10.515398088979856
10.90842913982031
11.593793133355947
12.454828369596322
13.396885757118048
14.36766943791608
15.340420916248364
16.27855027386651
17.119022424745104
17.774493109391667
18.16832938098045
18.283661107202406
18.186335948406104
17.99886909556066
17.844405824091385
17.78438679447763
17.774411168378755
17.677229187963913
17.319373926200058
16.578290819095212
15.442614389077
14.018353464133455
12.501452568789786
11.119894783168379
10.055567152195035
9.384706000706924
9.08243506935106
9.04787118151707
9.130806052102628
9.166903224615908
9.03366925092497
8.689769792388496
8.17052271942378
7.554970114336106
6.932468468426921
6.375148274268188
5.924665619357732
5.594488259275899
5.381414680473604
5.275904925141241
5.260438465027521
5.305645935168412
5.3759830064568295
5.458471017430989
5.626959625236392
6.065931990293195
7.014457821702825
8.618898025758838
10.75736978455865
13.016514478490869
14.911291560255304
16.12792834839594
16.60809047242973
16.50022442485814
16.060466854762176
15.543134151352518
15.11168482139876
14.801367275503573
14.55536816999544
14.321179044718873
14.104131245412047
13.934475500787043
13.826557283736893
13.75569208719929
13.658609677929396
13.455186162001333
13.076608236302171
12.49180148254841
11.711720115488369
10.77915501634752
9.749425798566262
8.691514387077234
7.685074404128484
6.813266205044514
6.147568007290065
5.722354910714125
5.504042338359793
5.414700328179586
5.395172197666168
5.4297396388011085
5.534848255863955
5.732733278391602
6.036028408955811
6.445225521915372
6.950273725636058
7.528326045854975
8.134790532921249
8.701428080775925
9.160980804479683
9.481188421171439
9.676766591598483
9.788801197667159
9.877897167765749
10.000708851729605
10.202183675066316
10.53932486505449
11.084226388230096
11.898535289239282
13.026776107982524
14.439529652832206
15.955029455668857
17.272631276377492
18.09285813129918
18.257257072673543
17.801789113576373
16.89561056514533
15.73494602459584
14.491530786283935
13.290087665164934
12.210723507029055
11.303352796766445
10.591403368082727
10.069377566718696
9.689557331509558
9.370195917803274
9.035837829756401
8.657707273364364
8.264543953750746
7.923650825259829
7.713727807668793
7.689866832270589
7.8517556564821325
8.125311244531513
8.383023112410505
8.522281548804635
8.513807192129747
8.403204546733892
8.272417430810883
8.19541138551268
8.212146743924894
8.32271008963932
8.490763144918908
8.654847262848818
8.753292684128278
8.754677375153811
8.674559435686302
8.56426363646981
8.474505071915464
8.4273135458259
8.424157610039687
8.479307779438468
8.635512209951903
8.955587772505337
9.487240660978497
10.227119283891266
11.09681382856505
11.954345138839997
12.647961951549838
13.102793337599577
13.34316749550699
13.428922889094052
13.383802603185904
13.19305764205147
12.843555420272317
12.360300061145448
11.815615522990603
11.307660752489461
10.919508967420583
10.679857619926764
10.554555665676526
10.483232436731875
10.414763628408805
10.303043163515765
10.118812101266528
9.8679626868178
9.581950739275403
9.301435120886692
9.063636004363921
8.891660561413183
8.78716772749694
8.733538680659214
8.70866960622371
8.694976984675671
8.676415157825508
8.647737646134942
8.626135647200924
8.65707288799378
8.806960030312357
9.141152551744488
9.668700016397986
10.290975957183264
10.842131421654967
11.186296188730877
11.26829748431142
11.114882902500591
10.8134678012205
10.49525735714564
10.305540826239529
10.336970907598186
10.559906605985093
10.858962034312736
11.143710220700665
11.39167767483425
11.614042716549887
11.81139730467958
11.947244766760758
11.958586365828571
11.786847599839618
11.422695422467037
10.920316474298195
10.369575845053596
9.857786713531867
9.441075635001491
9.124192536627191
8.856955739747576
8.576561969945285
8.263469976385322
7.961193595276784
7.727993887147168
7.5866678398556076
7.5142249561018755
7.467783046692929
7.4479880465655395
7.551810090510461
7.941313184897887
8.747305425731208
10.002715210933264
11.639767075141432
13.494391846063259
15.311711673368752
16.805455641515827
17.76578072895325
18.140293244702626
18.017846702842608
17.545702955505988
16.86162563911342
16.05981770967613
15.22705633733222
14.465631317327029
13.890301697496593
13.59349227124843
13.60017030842703
13.853726998472624
14.226203982242437
14.545770817837992
14.685614704877999
14.637182806985226
14.498722845640563
14.389729651356863
14.366009690220103
14.40153589185065
14.417115748985458
14.319310641477518
14.032629395629863
13.555570091872898
13.001030585043573
12.548864816835033
12.328442970087194
12.361560818568254
12.597508049190669
12.953895153671752
13.340160244578923
13.653618932018244
13.820111589102142
13.828144770110343
13.746908067237511
13.733975105842436
13.997496368341258
14.673065064573034
15.644481890994879
16.56627144277595
17.119910534748
17.15831470179655
16.69472387131544
15.841359456543508
14.764740032225086
13.66428141490668
12.740552735567132
12.116732592061778
11.773989992727204
11.607124480788999
11.546141367044752
11.608613909348078
11.856332041089166
12.305039116058742
12.867142743294796
13.383363476258532
13.71353328982012
13.78487999829242
13.613798003883614
13.295336046349156
12.96702129224192
12.752241177359455
12.717052551764567
12.850440428318915
13.08761031788316
13.346229689376685
13.558848821917257
13.684134637747146
13.693053348751057
13.554645872184356
13.237535088645664
12.745309630427139
12.151193348984748
11.571559253799354
11.102187825660947
10.778884438788047
10.582357009837027
10.472096790835323
10.415905208760899
10.385519141406046
10.339918710715642
10.221752293114678
9.974709767242762
9.566170422839278
8.999273360127738
8.321638294376692
7.613501013216559
6.956805882584698
6.40445630649554
5.977801497537192
5.686523365548181
5.540279735249699
5.543008912454294
5.6878287008495025
5.976401223120651
6.448690934694996
7.182960648429579
8.247075244319843
9.630774287998028
11.193834436219213
12.711746963885833
13.970145177797743
14.821845349511864
15.196535430031286
15.0976662118115
14.60189904341228
13.836616919396015
12.95208131221704
12.096138024472975
11.383047251038956
10.866749536414734
10.534429274222951
10.31573524997124
10.113026976466754
9.833077904621486
9.41901784176995
8.907434503228592
8.459359064158193
8.265747485224429
8.419659499557634
8.894156121289322
9.582150871780776
10.32479878668551
10.944520987109913
11.290178368836058
11.293682056075639
10.997106228830434
10.56060035459909
10.197225822201153
10.059820620717112
10.189292201074888
10.541723652172792
11.018435429050545
11.467761248133307
11.718846596376228
11.653042784071031
11.266992730464798
10.665311998635019
10.010842224382504
9.482803273803677
9.237347059206638
9.368504085088794
9.874267337183213
10.658459118308473
11.566966950904952
12.427400074748121
13.078431394622339
13.421779755295674
13.462509667842573
13.288190129593074
13.00735244934539
12.707913948494635
12.445467514737768
12.237880642000135
12.056815163399992
11.823904569247773
11.467080783490388
11.013409038688273
10.608331491075127
10.413289003138969
10.505328871729745
10.845556250916593
11.32097782429079
11.786620929422
12.111828452625069
12.227567220634654
12.152806353656926
11.977351536828646
11.812860518223836
11.745673543567095
11.816968756848855
12.019260661218881
12.293094829168652
12.50043082636609
12.463824953073573
12.111857611938929
11.577209851073052
11.103551661483541
10.90890769872095
11.124522022202171
11.775175228216023
12.778928199344783
13.951516420908458
15.044677453383706
15.8246537393827
16.170388089876514
16.11355951398464
15.787163147744128
15.33825397097412
14.875541095990371
14.456284786981279
14.127039442654185
13.959167748482045
14.034980545913532
14.369254371792074
14.859171571413015
15.333449249609032
15.66902917046325
15.82707572390924
15.832228843716424
15.739299645863838
15.604564642784375
15.460440147710734
15.284517667741042
14.971243002205311
14.377247859925312
13.468302233678399
12.383502515355243
11.303432550323793
10.326273337698094
9.470147619132383
8.727722105093259
8.095138969945701
7.573472582105288
7.16834038261483
6.88806644289933
6.751582370005401
6.80783505792208
7.127365210491719
7.751400876295187
8.655715128415132
9.748012273694433
10.89097472949243
11.930759373265815
12.732637390544884
13.21850660694972
13.390792178231521
13.301552806932744
12.992500973720087
12.461633715247013
11.702611518014592
10.763550174253098
9.751108303794814
8.779657471253426
7.931611692970682
7.244245342740172
6.710306505919392
6.292278958834611
5.951577780019369
5.668552538365427
5.436159552806526
5.240955635924927
5.054033429475379
4.844990024159654
4.605679685217739
4.3585331585850495
4.15592612750144
4.066514482500839
4.160383757478248
4.491646865453296
5.068365654271868
5.811331778771605
6.569159848159473
7.1956551756164275
7.61234110283506
7.80962211928394
7.816307824146778
7.680151264459125
7.463679910822628
7.244636018220032
7.104198307690673
7.107217664944729
7.308365643592138
7.784033735935976
8.611285824402112
9.788708546515839
11.186904856096824
12.607283492309769
13.868100085239448
14.855403116100693
15.513607548986876
15.830281237389881
15.832156608591443
15.58561100563299
15.200495745005572
14.788519453648494
14.395461852594506
14.020827394158426
13.674396699594723
13.377234838217849
13.141205071223338
12.970476698805344
12.878352085276036
12.894860633252508
13.025531179215788
13.19695093525148
13.26155114923386
13.082666575358179
12.613684399328765
11.899015727139107
11.052389872391744
10.230991005353811
9.598510625038973
9.272908659961278
9.274322784875581
9.496957625803814
9.739955232775724
9.795469715617559
9.565552271338028
9.09320480856155
8.501570355363965
7.928140629008035
7.4798893127235715
7.208614963080851
7.1144723186852445
7.176890297067978
7.367140033025608
7.65283227514219
7.999193277010253
8.376770002125365
8.763819328558585
9.142007847808589
9.493777487843916
9.784847851711644
9.947823397337894
9.898924032256183
9.588321532767633
9.04023868261472
8.343435494663577
7.606436312551846
6.9181049919366
6.3262722037654715
5.841227699908853
5.447067523866005
5.11338917833809
4.811405856656207
4.529767177881545
4.286801573795824
4.132569412041927
4.1306711323129965
4.323975912411079
4.719353613859097
5.301013484563622
6.0487030550057135
6.948247302192359
7.9680647675543135
9.018739108875106
9.94383206222996
10.577297584201437
10.850154364254696
10.840562688228312
10.713779415497502
10.616298961417037
10.611645065879971
10.688977726908593
10.807190236761775
10.946045171648736
11.122709372388833
11.381598178256944
11.78431405711264
12.377515190947788
13.155758421062895
14.064826956015862
15.058383620339663
16.133468073846952
17.316601780541248
18.62668021752168
19.98222984855623
21.180121162748346
22.04398359721897
22.5416712961758
22.737897639996937
22.698031184580703
22.444623405281238
21.97318144759904
21.291822598182833
20.44012991850559
19.48614140359824
18.503659507282226
17.539341484664696
16.631229643488354
15.83601498551069
15.211009687684923
14.800768586880304
14.635443353887519
14.714024804151766
14.970114224868457
15.24935997912395
15.33079709948937
15.030536409223103
14.319997096756527
13.338834091017532
12.304004013159155
11.408512729645128
10.763154310842653
10.381956345136139
10.196689701000885
10.086274259197321
9.940829232123546
9.737271589629774
9.562262469843164
9.556682218132767
9.835898158555937
10.438453133587753
11.285864543294235
12.170790301225631
12.829200301529362
13.095315376840079
12.979993068285776
12.60289132323668
12.09500885053146
11.554402597997946
11.042101414629457
10.588717210867086
10.19991388701514
9.868039430586549
9.574402667963987
9.302011478894022
9.077280729198089
8.97904707813915
9.116440563230029
9.565168435130266
10.310944245186523
11.23783204207037
12.162573066489475
12.884766621234307
13.254280341048233
13.220317575411553
12.838168572383793
12.242395736980457
11.602834413900919
11.073212353302631
10.749350622389425
10.641793120555906
10.665096230857934
10.66150093806196
10.471105391741014
10.02445636387377
9.370609464124271
8.624705525774273
7.901126751029812
7.275852552770488
6.777930139110695
6.39658181001076
6.088104480399748
5.7950021282936754
5.475320543387022
5.117485102006685
4.729984519187892
4.329669099408552
3.9358720370458045
3.56996109705471
3.2522318319433916
2.997151855465564
2.806395693298199
2.6636176592950656
2.5443431457820784
2.4368861768263237
2.3541163494280615
2.322529654989692
2.3661601561935015
2.498467289813917
2.718831083892625
3.0132901840993958
3.3510242278514806
3.6820317114624315
3.955927079192497
4.147872427208545
4.259524878848289
4.301415607736431
4.281939873450169
4.205364520970151
4.077338678423434
3.9133636178745617
3.742090646974059
3.602641517872733
3.535684248274867
3.5731624418075367
3.7337779255242274
4.030574546795664
4.47399076606912
5.064819781370934
5.779018126589264
6.554504430521371
7.292420145922269
7.889450075184085
8.278134868249836
8.434625913968723
8.36405754006991
8.08793283006005
7.643008375349723
7.080861505868937
6.4579257314792615
5.8279654344193155
5.234162743126867
4.695145987880157
4.204696169533701
3.7489097743156994
3.3249650636195254
2.944050986187399
2.621538012917654
2.366047010274067
2.1736305547873824
2.0342220947598633
1.9441772084069817
1.9173780836731975
1.9877783164810081
2.2028556707203633
2.6066833560504037
3.203828873042043
3.9133204622236466
4.581585202702732
5.074565853950257
5.35296659491395
5.473736950455799
5.527399989390323
5.5873871981366925
5.69193115243915
5.851505293246178
6.0666678605143725
6.343127158981891
6.69054666028187
7.118423939766234
7.636841259795605
8.259071578540702
8.998275542846889
9.857508997122562
10.81725167762077
11.819287041421392
12.760077758676381
13.494465756206958
13.889285643568094
13.910233394547788
13.661759820973174
13.326072493490777
13.034574566356676
12.79833011446375
12.538070447104499
12.189430436919956
11.792298585362904
11.468320946409179
11.347868515661453
11.490179623804023
11.82872842926955
12.19642949470978
12.402049371156103
12.34738242362412
12.08123965257325
11.761665747912597
11.568323177743778
11.618812015758126
11.878928664277431
12.127788662911987
12.068864562665754
11.551363580992671
10.641767785878084
9.52024335084552
8.357611638364032
7.26451803274516
6.294287553108745
5.462334877771616
4.766961033666108
4.2088337259011475
3.7965128603824536
3.533118410479181
3.404437961799879
3.3822780139683624
3.436020676435257
3.5374308309199076
3.6609290834779165
3.7794599742168655
3.864629886023483
3.8947374059791335
3.864703962564589
3.790901336442172
3.7020536940433604
3.622952053758701
3.5612846383522014
3.504506574645762
3.4226831037772554
3.288276401954796
3.0966519665800565
2.8644538621559934
2.616303680117677
2.3723681087708632
2.145998438370465
1.9504567217660425
1.818352142593238
1.8148328803935505
2.017482237607947
2.4640282717301023
3.1171523263131187
3.880723361060502
4.634562549545448
5.262669046199344
5.679952728423117
5.855235961294277
5.819987327739157
5.65524854457882
5.46100986155867
5.317081452947109
5.251420294313062
5.234566295312016
5.204545403075729
5.108057241762104
4.943925515018707
4.770530813848214
4.67263360671175
4.714138619465815
4.913366264742892
5.252989826796593
5.702149021510042
6.227145398852174
6.7889940464789
7.339880292522636
7.825852426783526
8.199236443854234
8.433840588184257
8.529303974138411
8.498171891409953
8.362102000907214
8.164874069433514
7.976902219568153
7.863975434881319
7.841468309412262
7.8655470283203694
7.86556066597658
7.776905156694537
7.557633648582693
7.19389441642222
6.69594126651846
6.099494455676309
5.467189558366924
4.880533442919953
4.411777876520416
4.0956232885574355
3.945068612107138
4.000815282066338
4.353526194287743
5.127906242597254
6.416767811020668
8.157903998629182
10.08795653243759
11.883204197992793
13.317361136958926
14.30143879830536
14.862719385768987
15.131307143038345
15.311012447762277
15.610310712903406
16.13642348185947
16.846863161922762
17.602510733659127
18.22907102571445
18.55796025015726
18.456601971516342
17.892828119683774
16.977070611852614
15.873862914055673
14.668765551497291
13.367576514561515
11.980918657868077
10.561790006723784
9.183733461895509
7.92212699355413
6.838416022161312
5.965839460366872
5.306864276779378
4.838038427223431
4.5210312117745195
4.315471391392197
4.191572934591004
4.135080306888511
4.148981768349187
4.237137518523427
4.385942469484673
4.566579612381263
4.749611598919141
4.91410932421747
5.053090928259763
5.17068887639851
5.276720436338927
5.379278167577378
5.480655422490536
5.578107844987596
5.668303746430134
5.750724642342848
5.829591740800493
5.915502250216977
6.014224684507388
6.118412580582675
6.210970271725073
6.260288716618092
6.226758525478787
6.073615686229342
5.794365471778807
5.424695354310471
4.9961853302081956
4.531442084580231
4.0464061221914145
3.5571244105676123
3.1055356698165344
2.734142819409833
2.461457432442776
2.2873276805097134
2.200959586631043
2.1878258288318047
2.2345260721359166
2.3300357093009407
2.4647845884699606
2.6321912673473826
2.8327737575415393
3.079782071116798
3.4775372385542145
3.9525988471090723
4.549317221381405
5.356738741678036
6.372704276197519
7.484604922453039
8.539894416907643
9.46201948255252
10.29093342988808
11.134453626736903
12.102453924754084
13.255013000489074
14.554877456431225
15.834574302607212
16.820900743786417
17.242325015442134
16.967047882848487
16.074531243402404
14.79412951142703
13.38370338161969
12.051062339721419
10.947536535778724
10.187308039460456
9.841090633907738
9.90185622615105
10.286990230889959
10.896209095513797
11.659105077711622
12.541604947451995
13.5286812150567
14.5881691306705
15.64853768106913
16.62115415517995
17.43182258790484
18.027601474170517
18.376560312431984
18.491259721155437
18.433981071328013
18.285131842892785
18.103867104961413
17.91970576615518
17.75099751425841
17.62729476773339
17.5662315196827
17.548271923131296
17.50684227073469
17.346294865425435
16.99610198380948
16.45878889835015
15.80478216752698
15.138395055489365
14.578059964713793
14.228420841113563
14.137200148320238
14.266271650449193
14.509132164669051
14.740021699272491
14.85482940100121
14.804911768641475
14.617987504669898
14.384039566236563
14.19045940955768
14.054460778706563
13.930545652309442
13.791193204759724
13.654796420928863
13.552844181886464
13.48572231862417
13.397488243847937
13.1909644245709
12.774924011543755
12.135110187940281
11.360890963614285
10.59913066507998
9.991926281260312
9.631446817947113
9.519568262901533
9.540074547014713
9.485362066009737
9.174401703255171
8.583250322429564
7.828507285372839
7.058137078250026
6.385082145377879
5.878146138501931
5.572480719968902
5.47410265306911
5.5544310933936805
5.7514374009688884
5.987819436970641
6.188591913867571
6.302731210737917
6.328257484427483
6.30903668471492
6.299141524260335
6.335653471435148
6.433761679312774
6.587472340256856
6.767701081771197
6.915102058703131
6.939045542311684
6.753023520721434
6.336661937050042
5.767731469565239
5.208167392578449
4.838102857091808
4.793025147847814
5.135087092123788
5.848887207588516
6.839822272134745
7.941596092218441
8.95017874578001
9.685535418631126
10.046922065330179
10.050002488015062
9.810005400277204
9.46966836028913
9.119749991565408
8.76628973389553
8.35701282157962
7.839768695449034
7.2167637391164305
6.572427284201674
6.016295439917202
5.602289097697566
5.312123843620793
5.08874199026233
4.869044986210287
4.605353576069225
4.279620164828346
3.9043922419580546
3.510661801757039
3.1304199503530237
2.7859527969424867
2.4898246993999757
2.248766478579319
2.0651659345187903
1.932967885296323
1.8355333131373217
1.7560310918956574
1.6898158051579264
1.647655038504687
1.6537564740243882
1.7399559963919735
1.9360830695675237
2.2551715144609767
2.6731569690263077
3.122534849873577
3.5134173382724323
3.7707528909689434
3.8654931133160826
3.809881672180878
3.6367946539079474
3.382599276603375
3.0806862261927366
2.7632211729354896
2.459557945438544
2.1922134274672267
1.9754813493893992
1.8133590914377442
1.7066069622119044
1.6646555852861995
1.7085430548814997
1.8577198863600668
2.115149707452173
2.4626101724624303
2.8678732447980533
3.2958055809933517
3.7209397789633893
4.134276152267204
4.548648484518767
4.982448067767691
5.427030513666109
5.8352026596068125
6.146915317614408
6.308111341545368
6.27908589987262
6.042288717562805
5.621669064776046
5.082251903379074
4.505682424329872
3.958673400249119
3.480127347556676
3.0860658406446912
2.777877641798988
2.5460948072527483
2.3743191378377873
2.2404042627768748
2.121197643197619
1.9987752955827058
1.8663065323665189
1.7285000475597414
1.5978098774516234
1.4998095074639295
1.4730602819331633
1.5506958993520599
1.7395724139521895
2.0186800720118505
2.3523903785678653
2.7011742350036623
3.024332178698848
3.274880364027154
3.408848257380301
3.4178570871478784
3.332886018244514
3.1932908370091724
3.023670075701135
2.832133765170781
2.6229942929081695
2.407211042196503
2.2002520508969496
2.017350603174067
1.868161135719069
1.7562248863078695
1.6866174663024263
1.6881705801568594
1.844587545227025
2.2738223906819637
3.035946681100003
4.072802287128524
5.2435434454976475
6.387520384898007
