tbr
2.961233909397364
2.953997349867767
2.9665338219591395
3.0071025558802535
3.0721023337608533
3.154856427996495
3.246913339579911
3.3345243859696847
3.3983065670832415
3.4161984157061984
3.3713243973215534
3.2614030120822117
3.097561992185327
2.9018976026182797
2.7165473638303834
2.5887536702483267
2.5501637659069023
2.6040104228606435
2.7291537025024417
2.889707599727049
3.043451430694833
3.149924781230942
3.1856511424971283
3.1488210163659405
3.0549803874468386
2.9283110872747327
2.7945299450308285
2.6671517181296536
2.547798758000355
2.4424863165626003
2.3665776889410894
2.330822446915044
2.3336092010316882
2.3645623286400044
2.407841059534371
2.4523323274288202
2.507225873743334
2.5995524932398815
2.7629855633641256
3.0252775380370664
3.397531497304462
3.8555756586660257
4.330790063223889
4.7334425290936695
4.995609167297108
5.096539123774421
5.053283890842994
4.900487235598799
4.67260512893471
4.4000796351198
4.110468320342314
3.8285923629868828
3.5735912414026805
3.356084148389362
3.176731136324582
3.0257432470264005
2.8922623248862775
2.768379186610512
2.6470133621863265
2.520404528909052
2.3866589645909517
2.252713968040932
2.1294392069891077
2.028335372354149
1.9587177339290882
1.923733037571685
1.9174437116563223
1.923795418961515
1.9234375246928872
1.9044211224808212
1.8677690308549162
1.8236064055908514
1.7834873687547739
1.7585401038342603
1.7601336733601172
1.7963688112061198
1.8691096464187642
1.970962395294276
2.0851842731567847
2.1881070529994604
2.2573499134317077
2.283136951178677
2.2764310054847594
2.2703892502518683
2.304660857353913
2.398724621150572
2.5463238164761823
2.7254774735840965
2.9126417428904126
3.07995794900228
3.1967518766823044
3.24028992496031
3.2073260870120275
3.1188040117332827
3.0093404020696632
2.910273994372944
2.8415956640802142
2.8094320402060244
2.8070246381190813
2.8161454050109107
2.818150586421832
2.8027096131446796
2.768166215002238
2.717813771162654
2.657720764359258
2.595969649852531
2.541304722775092
2.5018819451322654
2.483103992271622
2.482961522002132
2.4908795220192967
2.4921703974181955
2.4739261031575674
2.42814890540939
2.354908835319762
2.260869703662911
2.160074762248086
2.0678575574538405
1.9980418406996296
1.9561782233665799
1.9374469806448391
1.9276048196839244
1.9101788312307129
1.8769283247389572
1.8320055940321138
1.7859343088190738
1.7503320053641702
1.7324678751551228
1.7321444292874377
1.7404043731160899
1.7452332654557265
1.7410260322417772
1.7305745139264377
1.7233091608888351
1.7284399948142302
1.7542881887851438
1.8035097277869765
1.869915957670925
1.9438289619926437
2.018178648021326
2.090365120659535
2.159277809191439
2.221798704332545
2.267880753436442
2.285068648076912
2.2691753724612704
2.226753909230144
2.170423461480451
2.1101557209575246
2.0546067611704175
2.0128896605640074
1.9986000656173557
2.0268691083560104
2.1068737470964507
2.2291190061160266
2.361441555022825
2.4644196227032364
2.5116273431363894
2.4977524647830442
2.435979421937533
2.3532642802434345
2.2814562233759137
2.2448638756265855
2.246035347096858
2.2694474784013368
2.299409444555007
2.3294920193911026
2.3606038885522387
2.395206499897497
2.4319937886981573
2.4621283863187116
2.4764251319247528
2.467804153450555
2.434728030353572
2.3830351599801127
2.328594089433254
2.292037844474607
2.2911626390257407
2.330253142133707
2.3903071781896053
2.4349207037515925
2.4349526384651967
2.390115686885554
2.3219178270192335
2.2517991564445055
2.193568749100353
2.1541158897524877
2.131232050227686
2.120808166505316
2.117294835679557
2.116220523262391
2.1148576132236143
2.117631248083965
2.1301708607075356
2.1458263493601764
2.145425569320928
2.116009746394258
2.068498294909895
2.036960273854265
2.059990053606789
2.1555206424458313
2.31528219459034
2.509932397811851
2.696881554455981
2.83223566971154
2.893508761907479
2.89258615144524
2.867808671745838
2.860066949566198
2.8933125632712215
2.97026942062843
3.0786270372209628
3.2017698915466033
3.3242234325600095
3.4394171656392265
3.5485817640738
3.656984859671694
3.763797184971504
3.8609734775387192
3.9392644045152565
3.9985677997438738
4.04608387785348
4.0879437454526375
4.1237361163424255
4.148516026591281
4.157521304991907
4.15096854003237
4.125904471764563
4.069696832502254
3.9648677277035804
3.802344175574636
3.5904166069327528
3.3533932543198435
3.122276120003045
2.9237397894619668
2.7772370222674736
2.695765846639791
2.6789354654852495
2.702963976765129
2.731320286933995
2.7385544473197374
2.718320430380533
2.678666272324179
2.6382272853859385
2.6187130390245636
2.6379996513975255
2.7069668051271325
2.825018619740978
2.9772198829805236
3.135329940410315
3.261266469384093
3.319291324535834
3.3005073655202066
3.2340849643255143
3.1683716726844082
3.1363671058450464
3.1444570001091128
3.1782698636834277
3.2129355346050925
3.223037757994969
3.1870851539394915
3.0968469326630195
2.9620315328856504
2.806563646578397
2.6575888277527473
2.53090089728743
2.425665353361131
2.3268024814137087
2.214170134178417
2.0761024529258534
1.9170960655141225
1.7544193693764514
1.6116997489689973
1.5134954337830075
1.4824619797470808
1.5324239901312198
1.6666223418063626
1.8710408437133281
2.118260533807368
2.3685083737998847
2.5750389331066112
2.702962810996377
2.747197095939331
2.73331334830752
2.697734010312602
2.674315831969399
2.680677308302074
2.717344412254263
2.7716347128174097
2.8284800767661045
2.890877060664558
2.988757300966266
3.1574358661777877
3.408048905598667
3.716348901325133
4.0229805774582825
4.249288838123719
4.333782565014657
4.2574738150993445
4.047609848007991
3.7701075293996205
3.5096320366661176
3.3366393491210475
3.276832853386497
3.299203118549266
3.342511758272953
3.362407981233571
3.339810582144132
3.2707197455799033
3.155667427946898
3.0000034933444493
2.815735909455251
2.620929896362439
2.4363950993514494
2.2810361293633292
2.1665447129135047
2.0912664064880877
2.0423370106226386
2.003379197514214
1.9600720716073894
1.904483718821099
1.8394061079635904
1.776265035256598
1.7324261081052088
1.7241569291582852
1.7644146247548416
1.8595147029811123
2.0033902679172186
2.1806187299989266
2.376082488086463
2.575107180323701
2.7585525269572626
2.9003562956894577
2.982915488626622
3.0007646430721047
2.960127135260673
2.876293370234953
2.7657846868645932
2.645668346661609
2.5322619945447586
2.4411964905261394
2.382672128597074
2.3577758429776443
2.364100139461896
2.396328487767673
2.444298757248726
2.491329204798035
2.5185607415461533
2.5158869524072363
2.485343703806091
2.437044954258521
2.3860434452118935
2.348794077533314
2.3391688849431507
2.368269302908814
2.444098382335445
2.572284300912396
2.748979498304199
2.9546499061515257
3.1529905089310737
3.2931669246033377
3.333142306747602
3.268237558792248
3.1453477875689497
3.0497213981960885
3.0640394318835265
3.2180896206200442
3.4549713660432952
3.658522750615178
3.7309945427216378
3.6440474125012847
3.4355714497706726
3.1765393385679332
2.937824682529028
2.768146116862569
2.684339481177905
2.6719024162460023
2.6966650181395244
2.7276348842717306
2.754184193951701
2.7851821622244164
2.8375425870776168
2.9193046998946035
3.024799525620582
3.131901002702731
3.2075645378611246
3.2252541291440227
3.1828075846325214
3.104585355163599
3.0296394606932946
2.990172799055724
2.9965232638770813
3.0352498380967137
3.0854246959347797
3.1315481073669096
3.162215235612107
3.1707809107849743
3.151812344046616
3.1014559047841592
3.0180704737218567
2.905653971989735
2.775549066047586
2.642070784048116
2.514795569302737
2.3988912034970764
2.3014480005985876
2.230185732436988
2.191280756053354
2.1828678585308587
2.201010277994508
2.2530505524693627
2.357090508008823
2.529829971073906
2.7773887582172496
3.090802601170941
3.439790366113079
3.769191100015799
4.020575980277013
4.160582020742801
4.214327443741434
4.248460834129204
4.32083885500616
4.446062425471211
4.582443191075624
4.6503078033470375
4.577060805231175
4.359649509331973
4.052925049977027
3.732405040039793
3.46123894376003
3.275190524167792
3.1866792053846265
3.1935185878894674
3.2893774161367477
3.4637985201806094
3.703299910604026
3.987776450377698
4.284668457061442
4.537608715006149
4.663887923882688
4.596415021096395
4.3450618843626625
3.9904472351846527
3.634951570495291
3.3610528031567015
3.2219498393563
3.2482789425518135
3.44617695156241
3.795024531828076
4.231488481358645
4.651475006327247
4.9454054048672385
5.048761926367778
4.968280451846539
4.759834142586661
4.490771255138613
4.216910280022675
3.968043796859653
3.751732319172615
3.5684465023974212
3.4187685144655826
3.3007657968378297
3.208868444855538
3.129264785370074
3.0410016468955563
2.9247009575409026
2.7727594212655813
2.5937708222424476
2.4079868896988565
2.2383525785159613
2.099912468622059
1.9984621490313939
1.9317093063245148
1.8990142498966271
1.908869566804218
1.9794182590479317
2.1252971820444966
2.3431744744246124
2.609621959407809
2.877632393769498
3.085082150249989
3.182825472161106
3.166131423197669
3.0661045026452145
2.9256400385353474
2.7820203491441853
2.6607061729973775
2.578255802802534
2.5403206469688744
2.5434015514763955
2.5792009174544708
2.643449301913697
2.7443401134361123
2.9026563799747196
3.136323862709295
3.4522908225810682
3.8424949180625645
4.2704757197319765
4.661956697997032
4.934454308902515
5.0559525410961115
5.047869308291816
4.964560726920502
4.8627319023903075
4.784212163454737
4.7493075821992505
4.751685913689692
4.758227248887331
4.726390834396597
4.631243941776759
4.481782571198676
4.308805425606059
4.13473861200018
3.962930042006496
3.7857084886961645
3.598137452763948
3.4082505398915623
3.235345096134646
3.099238342971613
3.007312039452401
2.9511612190660683
2.916150225350418
2.8939680404184824
2.8858813824293237
2.900463679686485
2.9498673416688725
3.0468608510572945
3.2046042322305146
3.433704149725453
3.736403743675625
4.093925978640124
4.458477835320523
4.769514244947978
4.976623573956219
5.056625916806701
5.0176495861003625
4.890791177906198
4.719741084685339
4.547669872723568
4.394360955442662
4.255342161858818
4.117865322574553
3.9819509276142733
3.85741207229519
3.754670678956165
3.6823500336330084
3.649831707390923
3.662606611144679
3.7218379551682617
3.8252180005454344
3.968702540613527
4.151717186013845
4.376189219831584
4.637851606561036
4.915795017413857
5.177439474011281
5.400813479826432
5.593436329405056
5.772489686843713
5.928037812779084
6.01824604767885
6.001231886756781
5.8574962632428065
5.611396011431564
5.330299368708431
5.103005754484018
5.001730020607772
5.039064933719953
5.160914133822219
5.290782352009049
5.376529601593412
5.401845086976242
5.374759602412291
5.314001973714826
5.233258808219343
5.131908576428964
4.999023523966751
4.845521666722542
4.712028332482327
4.639773289246645
4.643467819096355
4.703549632035764
4.773011025376776
4.792929976889039
4.715580871176547
4.525679685936872
4.249156242088258
3.9452549286595517
3.68152809796993
3.5175321313761563
3.504972398612675
3.6763073856258224
4.018741389795891
4.456355050468304
4.876425435572245
5.187056466292521
5.34140417679082
5.332554728559419
5.185602585912492
4.945772178974281
4.666040270954072
4.395253954297026
4.162172352415842
3.976660623754684
3.8419930615619564
3.755564967762983
3.7065907702817027
3.6682276943459056
3.613419001387832
3.5378723225555593
3.457013943447015
3.396180153984832
3.3821682856360873
3.4337169764292383
3.5555858871859645
3.729678352213453
3.9108825921518564
4.046043167546646
4.105626670828645
4.103169529839157
4.076860938918576
4.066985331139943
4.098101789467808
4.171728010725043
4.26079872117009
4.33476914056712
4.384785405548948
4.422014749598038
4.462453314084463
4.523635901042105
4.62857489526269
4.807826812842097
5.081727169279396
5.42925515804174
5.78042043370164
6.049583782416599
6.175629107312962
6.135328299583964
5.9429606565198005
5.6461308305129725
5.300732478383155
4.951547285025491
4.628459374740731
4.350388320495564
4.124026285060458
3.940885187003401
3.7882623744464157
3.655083059324113
3.534640828729312
3.4269541977674236
3.33862268013647
3.282859564613305
3.2760185849924977
3.330577686556069
3.438446470891141
3.5614172879369606
3.651705157979273
3.6839560975789114
3.6612005831829926
3.610909532243137
3.562490880218244
3.537870538051804
3.5445656296650156
3.576167055483305
3.614470611141247
3.6372003107740425
3.6257561675266787
3.574045329982635
3.490898736168668
3.3999633045742224
3.3325359879143712
3.3185515252957174
3.3704050556477423
3.4762149997379765
3.598948882892739
3.69073275075464
3.7118723016793007
3.6414840637556343
3.4895764182639923
3.28336692779549
3.051059927816711
2.8119206562891765
2.5801045674438416
2.3752719242431
2.228351864808115
2.1802066178556307
2.2675901547741897
2.504109089195592
2.868381198073276
3.3122245129500714
3.7704055744734353
4.189535554978252
4.529918304344834
4.767281495703104
4.892280729517812
4.910848346807012
4.839265463290715
4.695369951830608
4.499468467814685
4.281311749608805
4.0713002163971765
3.890981676491742
3.7521230968352275
3.6553568727257377
3.5886705417416347
3.529756097958577
3.4643166119925404
3.3903072275199877
3.311968636815541
3.236062142661205
3.172146886051243
3.1306524704101166
3.1217017193682834
3.1547273225969112
3.2360159793214223
3.3619830927881655
3.5052746651481708
3.6193454315363893
3.6680121810823962
3.6558930079987553
3.611893765830928
3.5500928144201596
3.455799760215811
3.308346266175957
3.1076642358994033
2.874046328786643
2.636075200224112
2.4254111444102358
2.269289749246134
2.183552311765915
2.173106045858354
2.234288188966144
2.353998308729401
2.5150584457633354
2.7046164334955614
2.913974206107369
3.1453463561242234
3.401001265217423
3.652585879113861
3.840502059143847
3.9129489804806687
3.8716642597736874
3.772276001837063
3.6868482993143146
3.6714907918417814
3.74570650795483
3.887413450242326
4.0424794293555735
4.146785630653394
4.152956487970497
4.043376617835222
3.828582821798762
3.545599053473119
3.247282397503035
2.977405736174894
2.7548620007508116
2.580941110603029
2.453462416418479
2.3656439877922373
2.3101989132739047
2.283870139147118
2.2855267147863603
2.3168558407439592
2.3791365936700184
2.462044288760507
2.5398568883039383
2.5831178747946555
2.575006909712033
2.519872375848645
2.4343657595679327
2.338211470651699
2.2467520155165794
2.1748459613778115
2.135036441337093
2.1286744279972747
2.140354032786809
2.1437987539397385
2.1237797514897183
2.1078950272172214
2.1556238686751756
2.299889349528868
2.529551344282762
2.8104716023835765
3.1120419017202177
3.415584646971955
3.705344237859985
3.9571223570130867
4.1314735879818425
4.184802259938968
4.104396267245535
3.9338043629856947
3.738278273686476
3.560910086265907
3.4152119693667053
3.2988701372019333
3.203841170821483
3.1185638954675494
3.027055144218038
2.918268530076655
2.8018567629255657
2.7072558221940093
2.6685439730492826
2.708812241947245
2.833252867669972
3.02665423409923
3.253362673279811
3.463222869085407
3.6082188302893226
3.6575200675432447
3.6053054512562452
3.467299340522251
3.276200792128514
3.0682368258100357
2.8757948033568965
2.7209684958162668
2.615399206011135
2.55651177343701
2.529007544431707
2.509667819571847
2.4795416216425687
2.4327080791859075
2.3854581725273576
2.3664271668415346
2.396382098359278
2.4791405129405817
2.60553568984577
2.768404594551562
2.9642060597934794
3.1909343473429166
3.441623542271104
3.699477251986126
3.9334586131827134
4.106145313690067
4.196381385465454
4.205584598340267
4.150743811542898
4.056332738810649
3.9430573525754973
3.8108636111014818
3.6501029460996377
3.4614162397417703
3.260148551364113
3.0809548653746144
2.9640639447941766
2.9413136670206907
3.01994282151555
3.1781819224057086
3.376393831950617
3.570014563726618
3.718635508885048
3.803003644298922
3.8292885181364618
3.8221166913878815
3.8024223948676386
3.774503452309134
3.727962652803525
3.6511788652867736
3.5397636159755543
3.4001889683632167
3.245837176110199
3.092147616699006
2.954464401743411
2.848032893203852
2.7889614666506497
2.790011785646212
2.8560691426939324
2.9798659241678154
3.138462968121726
3.296752070868601
3.4197693540474328
3.482921900622967
3.4792583580382512
3.419775477656014
3.3226269747965285
3.2068606867841414
3.0840504001672313
2.959232695129992
2.8290029174397886
2.691091360110485
2.5577444203033437
2.4559763683874136
2.4204711165376462
2.4811087632101914
2.6528477549272296
2.9263651015264722
3.2636119643320254
3.6076317250911147
3.891908581787302
4.054447671810258
4.063121718469882
3.9358078503996015
3.7292533513426247
3.505703349490371
3.3118269832237752
3.181903020323386
3.159632745861578
3.2907779236187427
3.5730309764618866
3.9207613512582995
4.224893063341259
4.4210654153379085
4.497742688625453
4.465571026240449
4.332282035060213
4.105685950359163
3.8127782286159877
3.502863227331404
3.224776926271888
3.0035110749100866
2.8378410665894505
2.7107918707414593
2.605689236606466
2.5126282093194754
2.4285326562691445
2.3586945697840473
2.3175083618533243
2.3160483857122447
2.346245890291093
2.380422341190471
2.388558375138877
2.3544747325888395
2.2762427800712883
2.1680546815235786
2.053092157501535
1.9571058559335754
1.895793608475604
1.871140853700909
1.8732525537869833
1.8886443815108769
1.9080704652699743
1.9288699770934379
1.9519882033264724
1.977109309449282
1.9991160015389655
2.0089787414463993
1.998298025655339
1.9653486237615487
1.9171654950312051
1.8667915476272934
1.8272938767204419
1.8088073397662965
1.815854537773975
1.8505613302216102
1.9072694647637367
1.972806367808252
2.0344634785649296
2.0829944027416794
2.1156600072166283
2.13741017793658
2.157501054233408
2.187911718565447
2.239866441775
2.3199134732303905
2.422373623776574
2.5265296590796607
2.6015547327023927
2.6184522560945127
2.56399048534487
2.4460659566407985
2.289578186929718
2.133743003285721
2.041976142192494
2.10043255849751
2.3811831519479907
2.9055572555724405
3.620248213158222
4.409112994841235
5.114301370280348
5.578603939501463
5.7098670630333554
5.511036949543721
5.064301468592046
4.496391782056314
3.9314517735125687
3.446561352923298
3.065310428402447
2.786652178213547
2.6061207174628
2.515946073982175
2.503094633730285
2.543280550916858
2.5988287269133865
2.626699652586171
2.5921723876143967
2.4911995859659917
2.350630763586609
2.208449403310312
2.0946743242747528
2.0223257883193364
1.9895593277006651
1.9815863992674958
1.979671826137681
1.9706722088661612
1.9510664834341924
1.9205163641270686
1.8792917871464214
1.8274232704842794
1.7645338872395462
1.6926478546705586
1.6217792211297182
1.5700846756224094
1.5532299768880369
1.576374215776437
1.6327404765439737
1.7113396623028576
1.8006194823880792
1.891541699540528
1.9745213498110432
2.0307915816750537
2.0380084255982784
1.9874568622362034
1.8960722750790395
1.7957211412825622
1.722013000666121
1.704396780136166
1.7599774075398966
1.8886463781469796
2.067995463399306
2.251413680068592
2.3844499485518096
2.4346523263477327
2.4057750698259435
2.3245679564889303
2.2227332132181177
2.1228475659656336
2.0356870286870405
1.9602968999291022
1.8973393293657153
1.8573639482854374
1.854628289562966
1.8982611278277748
1.9875838936446895
2.1100423849363916
2.243673393947463
2.3651123036378
2.4594195164151205
2.5222788227155433
2.555130930087663
2.55780139141246
2.5312727892601776
2.4764039657598653
2.3987576571228075
2.3100379787954592
2.2238943340790684
2.150469831097968
2.096750791427777
2.071386330636372
2.0822983447033265
2.133812456387612
2.2222042850316495
2.331557302203263
2.4360773709191297
2.5139305670254672
2.55769206921124
2.5743087657155113
2.5782697763392672
2.574743853933607
2.563559505098442
2.542519382743808
2.5102239869625285
2.4664384245153546
2.4132926633562324
2.35380286182428
2.2904511099042626
2.229214647064001
2.1839762932676967
2.17449653408631
2.215652253137847
2.310984090266481
2.450253516867657
2.6084343704830717
2.7446705004398777
2.818496897859699
2.8052247797350764
2.7080920698957387
2.5554353495715274
2.3881962166187534
2.2450029081821623
2.1625825297346024
2.1830129681683617
2.333038823024853
2.5874588728836527
2.880054088232719
3.1522398985638813
3.3799291355919343
3.5653421756625154
3.718389440073814
3.841272431365229
3.920012882567172
3.9303917215418225
3.858151421946342
3.708149685827288
3.509752846961614
3.3111308943610704
3.1649309046626035
3.099815946239342
3.1011838938502523
3.1260280927606963
3.1365344605213203
3.112244779649139
3.0464588931678396
2.9420600556678194
2.8124089541391917
2.678157120439452
2.5621199976987383
2.485008965233486
2.4619518592740386
2.4979545328567916
2.585185479828632
2.705407016048339
2.8302644399125114
2.920558021906547
2.9352868402018992
2.856735621565957
2.7109535516185
2.552496191726716
2.4370798124001993
2.398880215732799
2.4461356392008256
2.5663097473047007
2.723766702369905
2.869593319640931
2.965924418673026
3.0072539497941753
3.0159014250655116
3.0217613568246846
3.0449310670942804
3.087136038671216
3.132280216942984
3.1542518002710938
3.1350403403664533
3.079214239363268
3.009655973106049
2.9455118326441614
2.888156116581913
2.824490880658207
2.738554887212845
2.6253805252711975
2.494068193692208
2.3592890538558033
2.2327504485494365
2.1173471066044556
2.014040174997828
1.929334969129322
1.8743596909956626
1.8573373783888179
1.8795547526314618
1.9322596781752297
1.9937155473270218
2.0326765426466205
2.0207860944645213
1.9492620127914484
1.8347643220019296
1.7073060156187776
1.5927502372143123
1.505016670734732
1.4478896027199986
1.4174713849721192
1.4029977143982162
1.3952536177438497
1.3994270656837686
1.4304168317522987
1.5003189419062803
1.6104658077713123
1.7561329533222558
1.9259754212921645
2.1038817161316894
2.2700423904773492
2.3984378158527973
2.465846094385324
2.4582178526971443
2.381254528364464
2.258787261624896
2.1226682363255494
2.0062038547449212
1.9334201808312979
1.9071858961152626
1.9103049306649313
1.920416682758944
1.923108590865609
1.9141873836698522
1.8985829288072356
1.8897121164768336
1.9034744863995445
1.9558686410671138
2.058402916222928
2.2067117797609557
2.3754556717789606
2.5295356867407928
2.63684404081772
2.682551567786252
2.6720176407957115
2.6261324331819487
2.573732756423897
2.5436211996937654
2.561937558805981
2.6507982865056867
2.826313890993089
3.082996475237234
3.375738616067725
3.629915076786184
3.7801023271754626
3.8053339764250484
3.724350511397686
3.5743703857272227
3.4042593867244415
3.2758176749782235
3.2575906805242916
3.4042363927225363
3.728268264526509
4.197643091067601
4.750842806492015
5.305923163140394
5.76905173079853
6.043490371400565
6.049922879505623
5.769294970083589
5.282911954089254
4.721792612610058
4.183824397893636
3.7102943173984895
3.3106150746358862
2.985977965965395
2.73884342974034
2.5691274905744423
2.4671391508561964
2.413120339674104
2.384926782366409
2.3638129270657378
2.339669422543348
2.310830106577547
2.2816860154558736
2.2627594316446347
2.267716380970974
2.3169286787225074
2.422098363045401
2.5676809259040154
2.712537644885774
2.810832521609371
2.828220578909847
2.7603257362239018
2.627122041630339
2.463003790589191
2.308904574464228
2.201254350648083
2.161266576892971
2.1873870524412604
2.251636949767439
2.314096942747105
2.33865564148401
2.310062852842718
2.235848742365609
2.139716010089122
2.048631278848359
1.9854523276800047
1.9693121703340322
2.0141848623552887
2.126228465836245
2.2905031139418215
2.4573463004191876
2.557002858282209
2.547012916813859
2.4412574946689265
2.28623805169725
2.135095053114375
2.028854388239279
1.9890998211198567
2.0190658905311567
2.1030539508384365
2.2082968887826873
2.296576045009338
2.3397143620073817
2.331055971493365
2.2829139500534588
2.2126089917511065
2.138246886486878
2.0724593459836873
2.022609420339598
1.9953929280915554
2.0005757469069376
2.0458905277732335
2.1246165091768834
2.2101795474629227
2.2683941608733815
2.2838412359943963
2.2663139661920244
2.2396937694285937
2.2274533451297613
2.246968508785007
2.310539777503282
2.4222981143216704
2.573270088524895
2.734321605169077
2.8624402048308744
2.923344049599017
2.9083891331842726
2.839565552876952
2.753483853781221
2.683888532334823
2.647908647837354
2.6440703824061456
2.660496444837417
2.6856000212681166
2.71295440467829
2.7424002473307136
2.7767278305908794
2.8177530421284533
2.8596932185110804
2.893399220534973
2.914081992814177
2.922491221216301
2.926584227655442
2.9361941293772555
2.9583746311986796
2.9948461975061904
3.0441934269286586
3.1083536834782866
3.1901811051335622
3.2884648548708633
3.397414635490465
3.508725557772309
3.615600829033691
3.706441970326681
3.7668119740907327
3.792530600758068
3.801167468094863
3.8193772709581832
3.8642351300393902
3.9366221929705043
4.023096554123677
4.100697961107395
4.140125244091434
4.117270632798133
4.0348282973230045
3.9303640577510857
3.8637795344050114
3.8865938027841143
4.006738032480646
4.177661000969732
4.3272624682119085
4.405784185468777
4.401875398455123
4.322296355546131
4.178027099115239
3.9792092064758937
3.7364604658660796
3.4679696868543197
3.197379390721594
2.9484847146591946
2.7370307580838373
2.5675355140840908
2.435785019919544
2.334102980863965
2.257260664295621
2.2035953591177315
2.1753471631221393
2.172961987056572
2.192626304074975
2.223415617953135
2.255367413333283
2.2872916327168573
2.324673466486116
2.370426128665233
2.417947477700076
2.460476858970086
2.5048106369502587
2.5658580409513627
2.6542752757676515
2.765635120478421
2.880329378987121
2.965291653170392
2.984107774350517
2.9161586675015005
2.768246121257795
2.5688311993830997
2.355186511883684
2.1647475282754423
2.0309126087894422
1.975257802096167
1.9965449112190545
2.065153329412821
2.1334827184091845
2.168682433570938
2.1663460288588197
2.14159727726123
2.1174698188904335
2.1107604353379337
2.134245664462542
2.2033075667180024
2.3402713645060884
2.568554682936859
2.893905566799713
3.2898333996099014
3.695805665046032
4.045153577420795
4.287321498078144
4.393807493991208
4.3897281757847075
4.381516938396003
4.527555168354463
4.922614811848867
5.5106508047864455
6.137355711762673
6.658830220075351
6.988391801320599
7.089852616799101
6.974850589732206
6.693235202636727
6.315386813563979
5.907186349512268
5.503065390615449
5.111001334908357
4.73877311427686
4.407183505572371
4.132499439686593
3.9168069794486895
3.751570935061327
3.6228364539712716
3.510641112508978
3.3885645831457123
3.2319216380596933
3.036255027950879
2.826950707312512
2.6481361562621952
2.545234262796623
2.5475695501680713
2.659501183913675
2.856944773827053
3.0856345962606175
3.2702877186744574
3.356175698933481
3.3487222013082762
3.302694544490043
3.2800399145866552
3.312341904861945
3.381524572995967
3.443909136539649
3.45722465399053
3.401229695716415
3.2928667226701576
3.1676315014289123
3.0527048162811425
2.962930027610549
2.9035016023364615
2.875427235053057
2.880268355898298
2.9213837495461807
2.9927549987678628
3.080421095512638
3.172432964934545
3.269195600471593
3.3830069314214146
3.5194281082761774
3.6570791406704863
3.7521751382346666
3.7598260268387005
3.6593703644393196
3.4696293068534656
3.2399375772018932
3.0223567461292586
2.848186219256912
2.7275495795758595
2.6602937864118354
2.640293288161512
2.6547603525204138
2.6852665734467713
2.7092464590989564
2.7051410654792685
2.6557002166528494
2.552035063496046
2.39957776967779
2.2169006625178445
2.027648728766488
1.8539485475485404
1.7120869157753562
1.6125579894227295
1.562506577714351
1.5629580604154156
1.604556746657777
1.667097327369069
1.7279159962036983
1.774787590799404
1.8069429636611405
1.8314462795941544
1.8632914455660754
1.9193261234459267
2.0045545824242126
2.0965767924338192
2.1538138944389105
2.145204740326126
2.0682642783881913
1.9406458627495735
1.7868088517619691
1.6314078769406861
1.4961612990888848
1.3999595145123287
1.3589357650589142
1.3846412420303489
1.4812605182255099
1.6445661007786374
1.8609284423693577
2.1058561970116756
2.3443624414116635
2.5414023407761537
2.675991800962351
2.7487885159761576
2.7789255705963063
2.794950236531739
2.8219910382367215
2.8708886419503274
2.9414119743378335
3.028264978631227
3.130049263910429
3.251661506667403
3.3985911432359885
3.562998673055971
3.7184382770302737
3.8321496607487817
3.8852479172456422
3.8818506904593058
3.842710402430846
3.7969629163983543
3.774922375948916
3.7954646177416693
3.8543750824707272
3.9232104979249955
3.962909979618728
3.9496212741441963
3.88344386060203
3.784251405296728
3.677921376490785
3.5732819973760197
3.4576478172514262
3.3248938389262483
3.1932637943028364
3.095583694335591
3.0588776204157675
3.091065433488214
3.1793298327681394
3.296037288131547
3.4111332421966845
3.5089080085342452
3.5973530722351743
3.701790263086726
3.8439194099481675
4.01523713693857
4.164528329213577
4.218729383205772
4.143171414981462
3.9650611870300585
3.7372918192832723
3.505984893228538
3.2923570200009316
3.097372713493949
2.912339561858813
2.7393572355800053
2.617023035683598
2.6200710244665384
2.8217855401798646
3.2466862811990578
3.838463948321489
4.475592879819729
5.0162882533534106
5.365978669983959
5.50418780013436
5.484978965833079
5.409838007905643
5.368005356787239
5.3938428651989785
5.477493325027719
5.591876737843305
5.71728200534845
5.863330887748914
6.057558730527639
6.322193558326889
6.643552004401198
6.956468928586219
7.176204724931519
7.225627585594694
7.07005279620858
6.725205594390226
6.245703304989641
5.698795607200192
5.148098304749016
4.634045011111327
4.16521990506587
3.7375471719208297
3.3542255437538175
3.0194064423282336
2.737707451170782
2.5169277862524773
2.369265408725119
2.3052216818984927
2.322407868772457
2.4030622486374904
2.5202860808515943
2.640744438120595
2.7305407442938363
2.765482731809673
2.7456232955494406
2.693876076072112
2.6416798801367323
2.6115409071586626
2.606294819165204
2.6108313376606014
2.6014111307785512
2.5624071738847976
2.4942346275032197
2.4141367752710092
2.348857255892319
2.3257818649363062
2.3567746245789696
2.4287718487505012
2.510820510811743
2.576575121805012
2.620862332786068
2.6575033664761283
2.705453893796644
2.7736063005184772
2.84935393390708
2.898908465200172
2.8816961534677423
2.7722158916535324
2.578857134130443
2.3370478840082907
2.086871059607752
1.8576895164281857
1.6631319805998757
1.5055525274840378
1.385063446568786
1.3057631601468043
1.27391940737261
1.2916147561761573
1.3511899364846123
1.4332382107773618
1.5131941634788257
1.5773660040137276
1.6284696669792016
1.6772160689103193
1.7293011152648523
1.7803220187257476
1.8198612949137822
1.8390431288272835
1.8368885130292374
1.820962121053912
1.8025579889136703
1.7926722664232169
1.7968288314927134
1.8107313158972609
1.8268136794318561
1.8404918636067698
1.854894235078799
1.877450966495542
1.9191752717273336
1.9867696877669765
2.078263194123622
2.181835883451919
2.282668179284868
2.36964859197269
2.4347897237542915
2.476733020651754
2.5058081198476763
2.5424120718181737
2.613258931572929
2.737028409966577
2.9137510676565457
3.117605461930564
3.3092463785560726
3.4587415694456394
3.555395967058413
3.6092422907387105
3.6315525260261663
3.6248518949685464
3.5868244938552394
3.528133395088454
3.480248824685791
3.4737570593403353
3.5159849021892486
3.5872770253959465
3.654442363848345
3.6900738277773146
3.697828575606128
3.7247791350505937
3.8326120899637974
4.061826287718235
4.4131165566152015
4.844179567569297
5.265519186066147
5.5588585573608995
5.6358177217571495
5.483756125791938
5.168598268250552
4.810962383849779
4.525100538928238
4.3682232340008795
4.321489573394788
4.312481985527457
4.276124853305132
4.181777726365761
4.031951891850587
3.847023826591583
3.6534057143471133
3.472777097797348
3.31585789984626
3.17994905933941
3.050416166431889
2.9077724494810897
2.7408939825212104
2.5574678840603147
2.374823281532789
2.208292388682775
2.067721172702547
1.9573843437821332
1.8781130393573975
1.8291710763988098
1.8089978112278406
1.821326430157117
1.877142821156292
1.9869423649434634
2.154050352924177
2.372809024982133
2.629904856287769
2.899827971340002
3.1444264056303957
3.3127419114114223
3.3557956021625754
3.2587293272726634
3.06030190283723
2.81754927249057
2.5757352662121784
2.371822400408885
2.2713623680535053
2.28477698121671
2.331595067377739
2.365137194962476
2.3773727998491676
2.3729193516029388
2.359009328176257
2.343481780152648
2.334298099641475
2.339160358545966
2.36432757072295
2.4105020542145623
2.464838744339689
2.488782820372799
2.4332716823204756
2.4055297593778193
2.4427908633629087
2.543989164327133
2.6847390770438375
2.8166521817490473
2.883863947866174
2.865728082560577
2.780963734743392
2.66289926170742
2.542262342961842
2.4383723622190687
2.35923469234743
2.2990022884760597
2.2401014002511843
2.163691101144773
2.0612898468429153
1.9389541704412823
1.8136299305950843
1.7027433632264666
1.6167385685502906
1.557799378060087
1.5286007725184596
1.539032730157042
1.6087564949463848
1.754726223452878
1.9725139682071897
2.2344569489356285
2.4996404927877958
2.726348894574053
2.8875278157876516
2.9805399944804774
3.025146302060393
3.056999986558579
3.1118249219141343
3.216674560990881
3.380248686364394
3.5883023192194163
3.8006078758553574
3.9644776301923845
4.049994606270153
4.063514203672352
4.015416498761103
3.906629258972035
3.7494141637358283
3.568929765344543
3.395069874065752
3.2457074968821784
3.1239027639087382
3.036644353204911
2.999647204426162
3.026692336034346
3.1171520387195435
3.251239381240014
3.400218800701374
3.546931026487347
3.6959752134695067
3.8620633891196814
4.056290871707489
4.27156270997572
4.477144245043135
4.626441147096087
4.68097083593344
4.633322869928377
4.501712501320562
4.313011128509187
4.083978320379397
3.8238418521048385
3.5395265067084827
3.2405946439274325
2.9417745543463
2.6609828038525953
2.415619467788805
2.216219370437898
2.065160075169783
1.9579660702479305
1.8852615725696575
1.832624627858611
1.7800259524067072
1.712991744764788
1.6339883139357432
1.5603935057304308
1.513463097706724
1.512536850093264
1.5691674577001282
1.6819137325953397
1.8309207003314913
1.9770157625353533
2.0722296425477387
2.082236590622598
2.00096619976972
1.8552477239076208
1.691427053430521
1.5497948571147337
1.4530879384547428
1.412049279475719
1.4320886701546678
1.5186198989330717
1.6802963605137906
1.9266007423640197
2.2545369304367253
2.631714487077498
2.990702193862102
3.25350172677219
3.380252456254544
3.388269291357679
3.3215519367545654
3.2217065068478417
3.1146458429596917
3.0075175389839193
2.894810803921502
2.7675557166761977
2.618934589056657
2.447681125332664
2.2615097025289783
2.07214158267843
1.8897395497023664
1.7211820616322653
1.572487414760584
1.4523818349459017
1.3715385085879461
1.3416240619710593
1.370384044689322
1.4622063016118132
1.6169488519782615
1.8211152434424551
2.045826213568255
2.251403091496601
2.397665861838896
2.457991042870181
2.429408951570096
2.3321031313385405
2.1994066652543585
2.067899776405566
1.968777381126285
1.9194131614438668
1.9183741985699434
1.9456216174709036
1.9734452917922356
1.9822689166372793
1.9663980346970196
1.93096815981525
1.8858974541829439
1.8436981662476077
1.819025019079947
1.8246386071924519
1.8634835009720494
1.9294770790859808
2.00950888671264
2.0864554485174747
2.147706791223232
2.1901906713356833
2.215717470368711
2.2252903268623005
2.2172190347361553
2.1902385401222295
2.152000098447739
2.1174618305013655
2.1032398461002866
2.1204797134570335
2.166116692462824
2.2188850438402623
2.245435434364208
2.2197335707915347
2.1375543328056636
2.0140812286166185
1.8788125289178446
1.7677466587617743
1.7168274281862979
1.756050412029468
1.8953404967748329
2.1109605854139013
2.3451970809790867
2.529357087410168
2.6173953874162845
2.6003928733330306
2.4980757333826342
2.347075640461704
2.1867323796508717
2.04826924693321
1.951439060315768
1.9052558558905357
1.9107811206021288
1.9649512246620044
2.063232477037324
2.2007441840682693
2.368858563480794
2.5538395664916727
2.734960957473488
2.8885092147743934
2.9873732020233983
3.0108324895801433
2.953535862412068
2.8292043913350797
2.6606271518301297
2.473730794018252
2.2920073998160335
2.1314438233351156
1.9977482179110466
1.8874432390779172
1.791320229622545
1.7023526902013164
1.624005184926512
1.5637261841386743
1.5205762879343832
1.4872225396372756
1.4586205697507468
1.4340670046483455
1.4161830091578378
1.4043008841204554
1.3929147103608475
1.3772630168983078
1.3602334926297226
1.3551110999781226
1.381843528389724
1.4606648256530035
1.5955799652411158
1.7609325370868512
1.9085890562200767
1.9980601970387468
2.0150119056376288
1.9660038945840879
