tbr
36.66703419253923
35.1392870516534
33.12369002483858
31.449497366379543
30.83317915470951
31.409341079563426
32.99982258391524
35.39875201748492
38.466873503339585
42.164285511549565
46.44126076869131
51.281776733802644
56.55883628095376
61.99274641347455
67.22287387026229
71.14436137364353
70.686882865382
64.17816896614936
54.514489570433504
44.75595990512595
36.49264578005191
29.924072578056318
24.782494541069457
20.829962171379773
17.85388605272186
15.638512792625889
13.948488026751967
12.567247946421505
11.345877515030633
10.197607001049947
9.07516182445752
7.9763434722450315
6.943239258986598
6.030566295992374
5.283500616434432
4.734762671421609
4.399565926613845
4.280628785909095
4.358904132050311
4.565860759445136
4.780002781086903
4.882806460934736
4.818395676536369
4.610662117715034
4.3258102143506925
4.044132755334292
3.851773176185885
3.8207440220357234
3.9786250635014
4.294090281815996
4.674164404768202
4.9941005937477225
5.154041181260558
5.116290027241241
4.9050452064697625
4.5868483356533245
4.243949838928227
3.948821623933473
3.7437432544287508
3.6310683433411985
3.5812971132569427
3.557509278538385
3.54025059898387
3.5182069370082356
3.4829485899241064
3.4260332148058636
3.3501700732165496
3.272405769628042
3.223728022378048
3.2335144265020164
3.2989474434277186
3.381456594758056
3.442400716481353
3.4657773661170053
3.4531564900645657
3.4136948442188872
3.3513195676617142
3.266187346636031
3.159853480324204
3.0398463581379866
2.921953915309789
2.831336764747302
2.7986413551180798
2.8552512948232716
3.0258922060700497
3.3148504006808306
3.68561889773736
4.053598527531224
4.353736130327657
4.590596461575001
4.797009066497426
4.982963275911448
5.126786926860352
5.1931969157238225
5.160177889751845
5.035032933979319
4.856039386699468
4.640507627649853
4.377350144492623
4.115307205539402
3.8909984847039722
3.710110252870776
3.5663639544310155
3.4496022673657123
3.34808024971637
3.252442786197968
3.1538555461310773
3.0415213356526207
2.9071949046536245
2.7475088420428633
2.5649753312954497
2.374976921211565
2.1959015409518448
2.0437347997579987
1.9325294531160664
1.8719065754451472
1.8669203333114108
1.914277931726935
2.000377828607526
2.1072162080155445
2.223514794268815
2.3455579919354372
2.473120436463745
2.6072796214844067
2.743870866413719
2.8708539552751047
2.9859638698843525
3.1240538081056606
3.347972265698066
3.7084738267793513
4.2087022600879935
4.801578614355291
5.3872729780519695
5.827456555604301
6.008748530045083
5.924349017213723
5.662913763796328
5.32804738127223
4.985237069391488
4.6725981151383635
4.414289913019183
4.221637052002356
4.085421702081468
3.979520077684724
3.87750104070593
3.76337853741021
3.633273629815326
3.488379413500712
3.3357556552543244
3.1934559413038484
3.08965743254212
3.0540168282100484
3.095248004643056
3.1597736613555707
3.1608884128813566
3.0836886590627044
2.9611520891774896
2.8224538013322835
2.6898030067080243
2.581940231161185
2.510935388445184
2.4755470691783765
2.458542042627134
2.426362437929053
2.348061305135958
2.215690102592722
2.045383210809666
1.865351915138047
1.7012517985872537
1.5730309711421322
1.4913154752901885
1.456508735318512
1.4657443854503618
1.5174084411623296
1.615167032562156
1.772310259613827
2.015353940392227
2.387439670017347
2.937099767879058
3.657182715878982
4.3897345906725835
4.954354667126171
5.343158488113233
5.637017902013124
5.903414313390478
6.166627718039364
6.398685356162132
6.525458314189598
6.470221169899169
6.213314609818079
5.815485024800934
5.380187299396866
4.986158399594276
4.661913841994702
4.397175292649866
4.167225409802755
3.955512146541588
3.7575285727816046
3.57995770032501
3.4391038281156563
3.3646230318269277
3.4040831889700818
3.6192104508155687
4.042010904480771
4.565557806799522
4.947189550345149
5.034049503702535
4.853501159416654
4.517773520610043
4.140659714037242
3.7965604108606046
3.5227368848475615
3.336477627540312
3.2444962122654113
3.2486039566356837
3.3545818192178865
3.6485749305927104
4.67514248852123
7.7538691339010875
13.03791406106083
18.817156555352938
23.66592000646378
26.941285048519312
28.444227357667078
28.312333456011466
